0000000134577878422000000000000000000000000000
0000000045577787423000000000000000000000000000
0000000053677878332000000000000000000000000000
0000000134677888433000000000000000000000000000
0012456777733777877221000000000000000000000000
0013378877600777878221000000000000000000000000
0003468877600777787221000000000000000000000000
1224468877744777877443000000000000000000000000
5567777777777777777885000000000000000000000000
4467877777777777777885000000000000000000000000
4567777777777777777875000000000000000000000000
1121111188877777777886353210000000000000000000
0000000057877777777889886241000000000000000000
0000000057877777777888896322000000000000000000
0000000065877777777888996331000000000000000000
0000000013577777887887876665552310000000000000
0000000023477777888778777778885320000000000000
0000000032477777888787777778883420000000000000
0000000011477777888887777778875420000000000000
0000000000288777887777777777777775510000000000
0000000000288777878777777777777787810000000000
0000000000188777787777777777777788720000000000
0000000000288777888777777777777779720000000000
0000000000245677777888787777777777754500000000
0000000000044777777888877777777777754500000000
0000000000145677777888878777777777755500000000
0000000000122677777878888778777777785622100000
0000000000000487777777777888887777777776500000
0000000000000388777777777887887777777776500000
0000000000000498777777778888887777777786500000
0000000000000244788777777788787877777777613100
0000000000000000688777777777778887777777756200
0000000000000000478777777777778888777777756200
0000000000000000588777777777778887877777755300
0000000000000000323776336775542222268877786533
0000000000000000001775004774240000078877777644
0000000000000000001775004774330000058877777555
0000000000000000001775004774220000057777777654
0000000000000000677221004882000000012166777310
0000000000000000787000005882000000000055677300
0000000000000000788000003882000000000055577300
0000000000000000787000004882000000000054677300
0000000000000344877666346775440000000001110000
0000000000000365777786547775550000000000000000
0000000000000356777886556775540000000000000000
0000000000000355777877356774540000000000000000
